<?xml version="1.0"?>
<opencv_storage>
<nmarkers>32</nmarkers>
<markersize>5</markersize>
<tau0>8</tau0>
<marker_0>"0011101101010000001100111"</marker_0>
<marker_1>"1010001001101100110100001"</marker_1>
<marker_2>"1001001001010111101010010"</marker_2>
<marker_3>"1111011100111001100011011"</marker_3>
<marker_4>"0111110000010111100101101"</marker_4>
<marker_5>"1110000101110010001110000"</marker_5>
<marker_6>"1111010000001010110110110"</marker_6>
<marker_7>"0100000101011010110101011"</marker_7>
<marker_8>"0110111110110011001010110"</marker_8>
<marker_9>"0110001101101001101101100"</marker_9>
<marker_10>"1011001110000010010000001"</marker_10>
<marker_11>"1101111010111000001110001"</marker_11>
<marker_12>"1101001001101000011011010"</marker_12>
<marker_13>"1110011011010010011101001"</marker_13>
<marker_14>"0011010100000100110101011"</marker_14>
<marker_15>"1000101110101100011111110"</marker_15>
<marker_16>"0100101101001111110011000"</marker_16>
<marker_17>"1010000101110101110011000"</marker_17>
<marker_18>"1000110001100000010110100"</marker_18>
<marker_19>"1100011010110101101111010"</marker_19>
<marker_20>"0011100010101001001001100"</marker_20>
<marker_21>"0100101011111000100010110"</marker_21>
<marker_22>"0111001011001000000110011"</marker_22>
<marker_23>"0110011110110100110001101"</marker_23>
<marker_24>"0001111101101100110110010"</marker_24>
<marker_25>"0010101110001101100000101"</marker_25>
<marker_26>"1001000011100101011110001"</marker_26>
<marker_27>"1011100100111001110100101"</marker_27>
<marker_28>"1101001111110100001010110"</marker_28>
<marker_29>"1001110110011010000101011"</marker_29>
<marker_30>"0000110000001010010001100"</marker_30>
<marker_31>"0111110000000101010010010"</marker_31>
</opencv_storage>
