<?xml version="1.0"?>
<opencv_storage>
<nmarkers>32</nmarkers>
<markersize>6</markersize>
<tau0>13</tau0>
<marker_0>"011001101001110111001010010010111000"</marker_0>
<marker_1>"101110101110111110000011000011010110"</marker_1>
<marker_2>"101101001010110101010000011101000001"</marker_2>
<marker_3>"011011111110000100001100100000010100"</marker_3>
<marker_4>"100101000111111100010110110110111100"</marker_4>
<marker_5>"010011000001011100100101010100001011"</marker_5>
<marker_6>"000101001011000001111000010010001110"</marker_6>
<marker_7>"111110101101100101100101000101110001"</marker_7>
<marker_8>"010010001000000101010011101110101101"</marker_8>
<marker_9>"110110011010110110101100110111011110"</marker_9>
<marker_10>"111100100101011001111010011111100101"</marker_10>
<marker_11>"000001110011000001000011001010110010"</marker_11>
<marker_12>"110101111011001010010110101101110101"</marker_12>
<marker_13>"001110011010101001101011001111100101"</marker_13>
<marker_14>"010110101101100100111110101101001100"</marker_14>
<marker_15>"010000110101001111011100001110110000"</marker_15>
<marker_16>"111100100110011100101101100000100111"</marker_16>
<marker_17>"110111110011110111110011111110001101"</marker_17>
<marker_18>"000100110000100110000010001011101101"</marker_18>
<marker_19>"010110111101001100100011101011110111"</marker_19>
<marker_20>"000010110111110010101011101100000011"</marker_20>
<marker_21>"111000100100001010100010001100010110"</marker_21>
<marker_22>"111101101111101001110000110000101001"</marker_22>
<marker_23>"000011111001101011101111010100110100"</marker_23>
<marker_24>"101101010010010110001111011110010111"</marker_24>
<marker_25>"101101111001000100111100111100111000"</marker_25>
<marker_26>"100101101000110011011010101110101011"</marker_26>
<marker_27>"011111000110011111010010010010010000"</marker_27>
<marker_28>"010100001101111001100111110101011101"</marker_28>
<marker_29>"010100110011110101101001000011100100"</marker_29>
<marker_30>"010100010000010100000101101001000001"</marker_30>
<marker_31>"001001110100001010101110000111111011"</marker_31>
</opencv_storage>
